i1	0	25.36544	1091.574	4000	16.17036	0.92048	0.2778	0.33522	0.38411	0.55555	
i1	0.0554	14.84451	1443.306	4005.696	10.75462	0.95701	0.92458	0.63571	0.35865	0.28321	
i1	0.1161	1.47272	864.3302	3995.462	16.27936	0.24101	0.46085	0.12979	0.0544	1.99785	
i1	0.13793	15.87504	1758.668	4035.419	6.6246	0.6738	0.57186	0.49358	0.48639	0.58503	
i1	0.21507	16.2756	1654.871	4026.734	17.93906	0.35498	0.41721	0.80772	0.45951	0.13951	
i1	0.31	16.25387	629.0838	3998.506	13.60131	0.90121	0.414	0.06417	0.01001	0.9154	
i1	0.31632	7.91012	1955.951	4137.454	17.16748	0.34	0.58578	0.37521	0.38012	1.02507	
i1	0.3831	16.41659	558.9205	4056.218	18.70487	0.93773	0.74886	0.28429	0.36927	1.27996	
i1	0.41851	20.94798	748.9612	4061.982	17.72143	0.84628	0.3973	0.22897	0.44669	0.70072	
i1	0.48718	28.73758	1382.96	4137.123	17.31485	0.4956	0.93157	0.39844	0.40738	1.36844	
i1	0.57828	14.99223	823.7374	4266.26	18.48244	0.23289	0.89296	0.64108	0.21598	1.23919	
i1	0.60639	23.79406	961.1868	4091.85	5.29603	0.26878	0.34861	0.55644	0.20825	0.33921	
i1	0.69707	3.99196	689.113	4125.912	15.44903	0.98628	0.9415	0.68445	0.19159	1.49954	
i1	0.73394	9.53065	848.3923	4172.325	5.64384	0.23715	0.75893	0.12547	0.39674	0.3282	
i1	0.80845	3.16136	1925.156	3927.368	10.9097	0.25859	0.31606	0.7978	0.36633	1.31313	
i1	0.90519	19.54429	1639.602	3941.442	3.56315	0.56819	0.17041	0.06991	0.10233	0.92284	
i1	0.98716	17.62624	1633.371	3911.468	3.99834	0.99999	0.2839	0.88996	0.06273	1.9956	
i1	0.99258	26.24566	608.4932	3882.278	18.53831	0.6345	0.26234	0.16313	0.19585	1.82605	
i1	1.07455	11.41377	1328.728	4246.266	9.59894	0.71865	0.18968	0.53081	0.37865	0.60859	
i1	1.17377	17.73216	1816.421	4387.135	12.94929	0.13188	0.77302	0.83324	0.46269	1.74654	
i1	1.25688	29.40359	1615.717	4570.105	19.68832	0.70019	0.54753	0.16397	0.41501	1.7779	
i1	1.26459	19.8415	872.0662	4326.033	5.3536	0.73056	0.38518	0.32878	0.11571	0.14832	
i1	1.3279	7.48604	1476.698	4247.15	19.45785	0.35204	0.5915	0.71927	0.05664	0.94297	
i1	1.38716	28.38522	1176.376	4113.089	17.106	0.49106	0.10291	0.34494	0.29924	1.66649	
i1	1.41056	20.5888	1224.425	4237.598	6.79416	0.74088	0.2643	0.62182	0.02043	0.82797	
i1	1.48016	20.54416	1456.46	4129.802	4.50783	0.6482	0.66444	0.73073	0.16419	1.48088	
i1	1.50039	27.70652	1527.135	4404.997	5.88804	0.5792	0.17888	0.2605	0.43869	1.37225	
i1	1.50977	4.22699	1042.401	4338.677	12.27102	0.6999	0.3599	0.77577	0.14419	0.65928	
i1	1.52875	29.54653	505.3679	4618.588	7.2981	0.26938	0.49285	0.95864	0.45947	1.52974	
i1	1.59866	4.51315	1528.679	4174.502	15.7112	0.94875	0.92465	0.86192	0.10177	1.58731	
i1	1.65347	9.62137	1857.399	4747.136	17.6056	0.54833	0.61858	0.16276	0.13696	1.72916	
i1	1.70271	14.4462	1773.413	4298.217	6.53001	0.26238	0.71576	0.72755	0.06953	1.20622	
i1	1.75196	25.30587	1586.378	3977.444	5.21735	0.54867	0.20913	0.13824	0.18022	0.64961	
i1	1.84515	27.34605	1433.143	4749.716	16.54442	0.54647	0.40147	0.39433	0.32942	1.21777	
i1	1.87105	5.38567	608.8175	3898.538	13.29694	0.42724	0.35944	0.33139	0.04557	0.85466	
i1	1.9645	17.92354	898.192	4590.067	15.47378	0.53868	0.24154	0.88304	0.31283	1.03543	
i1	1.98529	17.16926	1139.299	4795.18	8.49338	0.31989	0.39341	0.72936	0.31933	1.96969	
i1	2.01912	27.02925	704.1119	4249.22	1.10276	0.80495	0.79695	0.29368	0.05733	1.73107	
i1	2.09122	2.42571	1173.658	5026.098	14.45027	0.28979	0.5265	0.86518	0.04696	0.19912	
i1	2.12952	9.75113	1485.68	4823.274	3.50234	0.14636	0.14808	0.45772	0.39043	1.38415	
i1	2.17378	4.45423	1384.455	4547.404	11.06809	0.63554	0.42573	0.30429	0.44436	0.95317	
i1	2.19077	18.68214	1288.621	4602.797	12.32773	0.31029	0.84683	0.07009	0.04942	1.84746	
i1	2.20774	14.97027	838.2364	4874.165	6.52574	0.42147	0.89045	0.34425	0.40745	1.31829	
i1	2.21138	8.4666	1667.386	4617.151	16.88597	0.37734	0.29891	0.19802	0.30622	0.21947	
i1	2.27884	23.68561	1579.193	4000.466	8.62257	0.38409	0.49061	0.231	0.19287	1.06569	
i1	2.29432	17.10653	521.869	4239.891	8.26118	0.37487	0.76367	0.26044	0.32483	1.10463	
i1	2.38628	20.8936	1714.678	4761.705	6.92706	0.6813	0.1054	0.53296	0.42195	1.23689	
i1	2.45055	16.03693	1101.064	4229.336	14.65848	0.82171	0.71003	0.15288	0.01645	0.12712	
i1	2.51913	6.44088	1428.438	4804.415	11.78879	0.10101	0.10514	0.30524	0.13079	1.31074	
i1	2.60489	6.25368	1012.032	4780.324	17.70118	0.68797	0.38191	0.88501	0.09313	0.31428	
i1	2.65524	25.03976	1513.481	5154.599	4.63112	0.45507	0.73546	0.86892	0.2737	1.47792	
i1	2.74849	7.76045	1889.864	4637.748	18.73498	0.54497	0.59731	0.93913	0.39982	1.62828	
i1	2.80794	20.05883	1992.95	5265.823	7.16629	0.88688	0.63024	0.63777	0.37966	1.55084	
i1	2.88743	8.62075	1406.568	4444.214	4.17214	0.81594	0.87858	0.87302	0.33221	0.82497	
i1	2.94863	18.31007	1468.402	4658.577	3.8185	0.62112	0.12967	0.70091	0.25908	1.66522	
i1	3.00014	4.26679	1234.715	4621.127	1.92149	0.83292	0.44619	0.63766	0.22606	0.28796	
i1	3.04145	8.16394	1110.15	3685.983	14.63434	0.61635	0.83165	0.58268	0.22337	0.95472	
i1	3.14097	2.70297	611.3906	4878.495	12.34832	0.30034	0.29781	0.63024	0.46176	1.47588	
i1	3.18726	13.71829	1775.88	5449.597	19.02931	0.90918	0.79031	0.33357	0.26837	0.43827	
i1	3.23502	28.54479	1199.253	5344.832	19.37826	0.26539	0.51224	0.78022	0.38322	1.80956	
i1	3.26079	23.08676	1945.257	4241.32	8.6452	0.60471	0.599	0.62217	0.09551	0.95592	
i1	3.29681	19.96252	1874.784	4019.76	12.5243	0.87889	0.1988	0.37356	0.0995	1.29304	
i1	3.35608	20.62006	1394.511	3735.002	11.65656	0.60726	0.31836	0.01891	0.17192	0.01815	
i1	3.44845	18.44138	1656.029	5429.257	18.73218	0.25576	0.50318	0.48772	0.39762	1.27802	
i1	3.54502	5.50476	939.3337	5565.632	7.95453	0.90949	0.77287	0.47581	0.13649	1.89328	
i1	3.55726	26.10469	1434.792	5136.12	18.56625	0.26566	0.35406	0.16717	0.10149	1.25225	
i1	3.57489	4.67341	841.3278	5705.852	1.26346	0.24474	0.20799	0.46185	0.32427	1.83044	
i1	3.58498	18.81257	605.8355	4385.476	10.43219	0.49293	0.36386	0.24407	0.4562	1.13233	
i1	3.60406	2.00677	1147.765	5339.723	15.31427	0.42074	0.99817	0.03567	0.26177	0.40189	
i1	3.67024	21.29383	991.4242	5629.309	13.28752	0.40733	0.14515	0.7667	0.40167	1.39743	
i1	3.73844	27.22143	969.4096	5256.898	6.66073	0.82843	0.27016	0.59111	0.02672	0.20291	
i1	3.75418	8.08031	704.2558	4923.218	2.10299	0.9006	0.95095	0.05602	0.46261	0.9381	
i1	3.77988	18.02332	753.2558	4919.355	10.05074	0.83399	0.93346	0.52652	0.29113	1.4588	
i1	3.80241	8.66098	1450.377	4827.004	1.31636	0.93837	0.41279	0.20571	0.26131	0.80197	
i1	3.83313	20.71721	1467.701	4632.923	6.11142	0.73287	0.3996	0.21452	0.3796	0.51622	
i1	3.90149	1.46915	1767.684	5640.743	12.41449	0.38933	0.70116	0.52683	0.424	0.50042	
i1	3.92712	3.12383	1271.573	5730.773	12.61681	0.57793	0.8392	0.95896	0.36837	0.68792	
i1	3.96312	2.27354	535.7948	3576.979	10.25783	0.3636	0.73744	0.82015	0.2537	0.93494	
i1	3.97096	6.53852	1225.473	5820.721	1.8245	0.17597	0.32037	0.71135	0.30562	0.18572	
i1	4.06712	26.1566	749.1411	4739.39	15.38835	0.79975	0.10628	0.57861	0.36823	1.48745	
i1	4.15938	3.79572	1681.464	5948.184	2.92813	0.34741	0.31539	0.80974	0.04752	1.49346	
i1	4.18711	6.02572	1906.571	5406.541	2.83695	0.983	0.86075	0.34154	0.34623	0.91303	
i1	4.23056	19.96683	985.9749	5051.149	3.46954	0.17314	0.4402	0.13696	0.32994	0.22892	
i1	4.31863	17.89104	816.2947	5228.439	11.04881	0.38111	0.9489	0.76821	0.06104	0.07653	
i1	4.37013	12.5797	817.3482	4732.396	4.04308	0.37742	0.49038	0.00543	0.32489	0.25244	
i1	4.41633	3.44135	1670.376	5670.111	14.00886	0.9192	0.88048	0.06267	0.02359	1.05415	
i1	4.43405	27.90811	664.2869	4587.364	12.32764	0.67457	0.73031	0.53941	0.20331	1.64485	
i1	4.49182	27.72498	832.5886	5702.77	8.10982	0.4437	0.18774	0.80796	0.19366	1.49455	
i1	4.58524	25.62888	1747.193	5406.291	13.06887	0.56452	0.66219	0.5024	0.28941	1.34368	
i1	4.5882	22.92242	1399.56	3850.158	3.73489	0.27631	0.79967	0.84428	0.36766	0.36805	
i1	4.65487	10.0767	658.3645	6002.438	2.94243	0.5318	0.34329	0.19972	0.14387	1.31529	
i1	4.74957	7.43561	1260.372	5759.137	18.79063	0.22791	0.36514	0.56101	0.32226	1.74683	
i1	4.77286	20.54589	1444.039	5903.798	16.44694	0.79597	0.12561	0.59041	0.30879	1.52753	
i1	4.85031	9.24439	615.1301	6052.1	4.28172	0.26109	0.42381	0.44304	0.18936	1.29504	
i1	4.86039	10.44563	1804.16	5202.008	2.97931	0.82521	0.77475	0.39878	0.1834	0.78848	
i1	4.88762	18.38969	602.3522	6121.213	9.21178	0.89311	0.70736	0.46065	0.23582	0.58486	
i1	4.91007	8.13606	1365.082	4262.828	3.39552	0.7745	0.53214	0.48587	0.09624	1.71773	
i1	4.92342	9.50197	776.8661	3332.766	18.11466	0.35988	0.82776	0.65049	0.34376	0.35083	
i1	4.9279	28.83178	1662.586	3773.217	17.36404	0.28653	0.99478	0.53611	0.33395	0.93167	
i1	5.01076	26.87739	1567.859	4698.767	4.67636	0.85419	0.23924	0.67365	0.16193	0.69439	
i1	5.06402	14.25995	1460.552	5694.109	9.74128	0.58703	0.10526	0.26868	0.09582	1.38674	
i1	5.10844	7.85443	1479.63	4051.394	7.63716	0.56292	0.48377	0.34352	0.02523	0.18864	
i1	5.18938	26.49136	1979.966	5035.16	6.40132	0.26212	0.42332	0.43899	0.42689	1.3662	
i1	5.268	12.20266	710.507	4787.757	2.96441	0.64036	0.97092	0.10923	0.43454	0.31865	
i1	5.34826	10.08242	1093.526	4878.973	11.1145	0.77051	0.97304	0.95875	0.04426	0.04102	
i1	5.35358	27.03861	1849.281	3386.119	8.96373	0.26542	0.29787	0.77839	0.3114	0.14728	
i1	5.39973	12.86036	1189.905	5296.009	16.87512	0.60699	0.28201	0.80323	0.33628	0.14264	
i1	5.49599	14.77975	1076.764	4621.935	18.68623	0.92517	0.19292	0.9009	0.4378	0.38354	
i1	5.58813	27.93165	634.4825	6139.185	19.3995	0.55792	0.10425	0.18825	0.14359	1.25504	
i1	5.61433	22.71167	554.7438	5860.694	7.6596	0.88483	0.35663	0.55274	0.33763	1.91542	
i1	5.67674	19.49638	1149.31	3263.898	19.92479	0.42735	0.93288	0.09929	0.13231	1.60205	
i1	5.70585	6.39483	1594.552	4707.845	1.13213	0.72829	0.90056	0.01168	0.44317	0.3534	
i1	5.76977	5.29868	1888.068	5766.719	17.531	0.3483	0.59295	0.1552	0.41431	0.44596	
i1	5.78107	14.12775	1791.176	5204.325	9.76375	0.87114	0.91856	0.38667	0.47806	0.34827	
i1	5.79985	8.16787	1040.246	6672.898	12.92972	0.43041	0.65394	0.51739	0.1894	1.00367	
i1	5.86926	1.52193	1475.098	5623.338	14.18015	0.56811	0.90582	0.24141	0.33766	1.44795	
i1	5.9157	23.85871	764.9846	4377.26	7.3463	0.67412	0.2638	0.24353	0.01229	0.27623	
i1	5.95747	7.15579	1077.922	6123.291	3.4636	0.11185	0.23045	0.74515	0.26528	1.04749	
i1	5.98218	7.51465	1312.615	6679.813	17.03815	0.31189	0.47546	0.73947	0.23843	0.18499	
i1	6.02853	28.29604	1821.088	5722.606	6.06198	0.29327	0.3502	0.44842	0.22913	0.60516	
i1	6.08719	26.40203	1272.273	6948.48	13.42143	0.68006	0.98648	0.79871	0.19483	1.03106	
i1	6.11944	19.46303	1610.263	6628.218	11.14052	0.62586	0.18967	0.95089	0.16188	1.15296	
i1	6.12379	23.82871	1276.583	6815.158	9.11861	0.80573	0.22496	0.7053	0.11628	1.19423	
i1	6.12459	24.75395	1209.568	5190.317	16.02748	0.21412	0.25052	0.7759	0.46276	1.11382	
i1	6.15374	8.19091	790.3461	3284.586	3.13097	0.75455	0.65431	0.21179	0.33908	1.8793	
i1	6.23257	21.92466	1590.269	4332.447	13.26724	0.23873	0.18112	0.78449	0.42972	0.64539	
i1	6.27074	26.15232	712.6946	6650.81	8.41096	0.93944	0.98331	0.55729	0.35431	1.81393	
i1	6.28217	1.00136	732.39	4340.051	1.60141	0.34037	0.13154	0.64755	0.23943	1.4264	
i1	6.34089	8.7469	1152.11	4362.402	11.88932	0.17235	0.52137	0.66325	0.43244	0.65525	
i1	6.43948	8.14779	792.4213	3767.709	2.92135	0.6265	0.15441	0.08258	0.07114	1.53815	
i1	6.53843	8.43817	1653.682	3819.436	11.72078	0.8207	0.4704	0.59929	0.22416	1.78084	
i1	6.56969	2.03006	736.332	6196.258	7.64169	0.75761	0.84485	0.81775	0.19696	1.38498	
i1	6.58424	12.01636	1908.445	4664.385	10.64473	0.13608	0.93279	0.56808	0.06133	0.13522	
i1	6.61796	4.25396	986.1445	3692.496	5.87679	0.89951	0.91634	0.66822	0.24382	0.71074	
i1	6.67383	24.20375	1086.332	6121.203	11.39984	0.76641	0.50219	0.37497	0.2791	1.68161	
i1	6.68059	21.40355	831.0178	3151.723	1.83393	0.75547	0.14186	0.96921	0.14819	0.33835	
i1	6.68428	19.37214	922.0731	4740.709	15.05609	0.58425	0.32434	0.64684	0.10314	1.4738	
i1	6.68451	23.18282	1305.545	4847.099	10.14136	0.17595	0.22019	0.928	0.22968	1.38349	
i1	6.76139	16.27798	1092.974	7265.203	11.1318	0.49529	0.746	0.57977	0.20421	0.0283	
i1	6.83629	13.91181	1471.508	3216.273	16.31682	0.44872	0.61154	0.05541	0.01715	1.54932	
i1	6.91552	2.05897	1309.376	4654.336	9.16265	0.11864	0.47236	0.56316	0.47435	1.74619	
i1	6.94102	21.80786	1099.885	5963.294	14.43291	0.93986	0.18049	0.42477	0.25647	0.99569	
i1	6.98492	8.59462	1914.622	3612.991	6.55194	0.77431	0.52666	0.86059	0.40232	1.01674	
i1	7.04845	18.31161	1317.328	3913.542	18.59958	0.97705	0.27598	0.34003	0.26883	0.28849	
i1	7.06977	23.98442	1792.638	5863.73	9.41298	0.61188	0.5916	0.53222	0.49676	0.11833	
i1	7.07279	13.5411	981.57	7325.37	10.86191	0.65193	0.75014	0.99311	0.23692	1.05403	
i1	7.12294	4.16352	685.9542	3245.694	6.39442	0.14524	0.11878	0.47946	0.19514	1.11705	
i1	7.18531	18.49892	1026.635	5218.64	5.11268	0.81449	0.14879	0.76268	0.16305	0.09548	
i1	7.2675	11.3287	1220.29	3799.505	7.25686	0.99932	0.78053	0.05169	0.49618	0.45997	
i1	7.32537	15.32111	1008.606	6232.413	11.26373	0.66069	0.77764	0.56106	0.05122	0.28645	
i1	7.33734	22.05818	1619.953	5185.947	5.02048	0.96678	0.3381	0.26582	0.36289	1.1813	
i1	7.3687	16.88078	1920.217	6795.633	14.11953	0.34851	0.8137	0.44664	0.1639	1.57069	
i1	7.43637	27.28872	918.7663	3110.091	12.57441	0.83744	0.67482	0.36211	0.19022	1.48226	
i1	7.48691	15.50054	1200.911	4186.302	19.44316	0.71099	0.29356	0.23525	0.47235	1.88167	
i1	7.5695	8.48945	1232.675	6778.168	1.9882	0.26106	0.14394	0.845	0.3128	0.75326	
i1	7.63254	9.76452	924.7075	7292.936	7.04056	0.90309	0.75601	0.95661	0.12722	0.21867	
i1	7.70232	23.03337	1414.034	3872.122	1.22316	0.62204	0.8595	0.22681	0.40765	1.57718	
i1	7.71909	19.59446	570.2709	6152.071	8.86399	0.18897	0.85155	0.46272	0.47193	0.92129	
i1	7.80303	17.6522	1644.307	3714.164	10.19111	0.17272	0.11333	0.21265	0.0187	0.53848	
i1	7.83524	22.31927	543.5159	7683.88	18.10309	0.13668	0.56025	0.74406	0.13378	0.65336	
i1	7.88851	13.62126	1951.802	5902.82	2.73497	0.44359	0.71052	0.92636	0.42224	1.24443	
i1	7.92722	20.83115	794.6416	3813.203	16.32012	0.71215	0.30761	0.82113	0.44641	0.53617	
i1	7.93627	7.22912	504.8466	3699.282	3.77657	0.91305	0.24412	0.65752	0.32372	0.8554	
i1	8.03469	6.22279	1794.377	7832.733	15.43221	0.95881	0.40045	0.43794	0.4403	0.35663	
i1	8.04071	8.76061	1793.22	4212.906	8.9323	0.70162	0.94308	0.64817	0.2448	1.65914	
i1	8.13234	17.819	566.5491	7744.107	14.28754	0.27145	0.84059	0.85948	0.42401	0.94065	
i1	8.16107	25.13452	1475.632	3810.384	15.9016	0.46901	0.1939	0.11813	0.42398	1.96985	
i1	8.19072	27.33515	878.802	3842.263	4.12915	0.70302	0.84435	0.10145	0.1591	0.63331	
i1	8.28382	7.7988	1844.928	8010.705	3.92453	0.63637	0.24929	0.9768	0.22772	0.02781	
i1	8.32854	22.53606	1769.195	3345.219	17.96171	0.66738	0.5568	0.99705	0.37428	0.71102	
i1	8.42674	2.30474	895.4248	4133.909	4.86798	0.48548	0.91408	0.03063	0.26488	0.44546	
i1	8.46148	14.36228	1185.756	4170.793	9.28682	0.64998	0.85588	0.60203	0.29395	0.59062	
i1	8.52308	2.0154	556.8979	5290.527	3.51859	0.93759	0.18324	0.64011	0.46385	1.68208	
i1	8.62264	27.38088	1829.046	4233.216	3.7398	0.18065	0.71879	0.04874	0.06012	0.4346	
i1	8.64979	14.55835	1517.102	6896.298	14.51725	0.20279	0.40576	0.5513	0.35812	1.85525	
i1	8.73445	10.63328	1943.955	7808.746	16.09069	0.18568	0.83368	0.88674	0.36765	1.48581	
i1	8.80723	22.1969	1478.882	6201.349	19.81313	0.81711	0.73307	0.67771	0.42276	1.64732	
i1	8.89673	4.39284	936.7823	6053.773	17.06703	0.10236	0.71856	0.18536	0.27696	0.80708	
i1	8.90804	12.61555	1603.584	3221.927	6.41651	0.57697	0.25374	0.10028	0.20835	1.81225	
i1	8.99236	5.18999	1455.581	5757.182	15.4075	0.6645	0.3633	0.46171	0.15246	0.27616	
i1	9.0209	6.79821	882.6147	6088.347	15.6873	0.19064	0.62126	0.46031	0.14304	0.2662	
i1	9.10729	12.57281	1300.455	6196.298	10.01906	0.83684	0.21659	0.64551	0.4595	1.0925	
i1	9.16246	23.10297	1536.096	3953.765	5.90083	0.50412	0.83431	0.55049	0.45536	0.24167	
i1	9.23132	6.68663	981.1581	8206.738	15.68023	0.18441	0.13993	0.35182	0.27705	0.66087	
i1	9.27982	13.12047	1594.248	2962.827	1.33288	0.28377	0.85354	0.14706	0.42485	1.51253	
i1	9.34915	12.63843	1277.653	5053.367	12.21023	0.79874	0.84976	0.40592	0.16343	1.48758	
i1	9.40183	1.44787	1909.818	7862.25	19.22283	0.74127	0.94718	0.00346	0.03217	0.99082	
i1	9.43523	16.92857	1870.033	3137.098	11.78852	0.93779	0.34082	0.40509	0.03897	0.23454	
i1	9.45137	23.36618	1277.894	6883.142	3.95049	0.19775	0.51055	0.98835	0.25726	1.56606	
i1	9.52459	2.19701	1697.712	6866.45	17.88719	0.78181	0.44609	0.83011	0.38051	0.89776	
i1	9.55715	3.75277	1997.213	4162.85	4.008	0.60936	0.25277	0.42589	0.48552	0.49537	
i1	9.61147	4.83961	528.3994	3118.64	16.43158	0.2568	0.25333	0.26835	0.08129	1.36979	
i1	9.61662	26.94661	1589.254	7934.169	11.76783	0.65347	0.64668	0.95127	0.22254	0.73691	
i1	9.65664	23.34731	1195.067	5137.382	1.17993	0.65952	0.96782	0.17922	0.02379	1.87059	
i1	9.69934	18.13184	601.544	5341.676	13.39776	0.8919	0.65805	0.82288	0.07412	1.56526	
i1	9.75012	6.7889	1516.013	4143.823	1.93999	0.31966	0.86402	0.6569	0.09767	0.58798	
i1	9.75267	18.26904	596.8814	5833.11	19.8817	0.16665	0.19938	0.95802	0.12664	0.31603	
i1	9.842	20.72521	1623.152	8779.243	3.39431	0.46115	0.85681	0.74607	0.11208	1.97827	
i1	9.89488	22.22622	783.1275	4025.833	19.35176	0.3144	0.5051	0.81479	0.44756	1.29091	
i1	9.90577	27.69391	861.406	3886.179	8.77504	0.31124	0.32269	0.51964	0.09637	1.00141	
i1	9.97354	3.4955	771.3293	5283.178	1.89425	0.37621	0.84493	0.88796	0.02649	0.10374	
i1	10.06125	17.86878	1675.711	3107.247	15.96686	0.77472	0.37367	0.23785	0.28224	0.3984	
i1	10.14958	20.52481	679.5192	3671.83	17.0862	0.576	0.42305	0.09407	0.02427	1.10336	
i1	10.20906	22.05941	1456.599	7777.41	3.89959	0.71632	0.17431	0.98032	0.28638	0.27109	
i1	10.21229	14.046	1575.84	7953.481	10.79854	0.55446	0.60911	0.81979	0.3714	0.26033	
i1	10.2142	19.15692	1705.152	3733.437	15.25641	0.68507	0.7008	0.10928	0.37207	1.43218	
i1	10.2803	10.82893	1163.417	4751.687	3.17728	0.6354	0.98515	0.19716	0.2876	1.11252	
i1	10.31358	18.61421	509.1829	3022.14	9.04418	0.56965	0.5994	0.98906	0.17081	0.59538	
i1	10.32551	11.4577	1885.688	8772.171	10.48627	0.70672	0.61546	0.16684	0.39171	0.63377	
i1	10.4138	13.887	1483.719	4875.15	15.11847	0.79337	0.92808	0.72657	0.48378	0.99059	
i1	10.44209	9.70796	654.0248	4717.428	7.65394	0.57346	0.82971	0.9051	0.25756	0.30483	
i1	10.46238	19.39598	1269.535	3676.869	11.58305	0.11107	0.82064	0.12974	0.08957	1.16824	
i1	10.50705	2.79993	542.7506	3241.323	8.35818	0.79442	0.88556	0.30737	0.24908	1.68082	
i1	10.58732	23.64863	711.026	8777.394	2.32893	0.5418	0.48827	0.88073	0.19799	1.89305	
i1	10.59064	18.36448	1371.307	6194.934	14.78173	0.22409	0.60263	0.52606	0.13381	1.47522	
i1	10.60167	21.71276	1699.517	3728.318	16.51668	0.26826	0.91924	0.68951	0.24716	0.81683	
i1	10.65467	9.61242	784.102	7089.262	4.8442	0.33341	0.24534	0.63373	0.07004	1.11496	
i1	10.7127	6.02361	734.385	3826.886	14.6686	0.89345	0.36911	0.27787	0.20384	1.13324	
i1	10.71426	16.01782	921.2766	8079.41	13.47425	0.18777	0.1019	0.5668	0.39351	0.99286	
i1	10.81178	10.19141	1690.116	3841.685	19.76339	0.99616	0.48157	0.14904	0.31474	1.12808	
i1	10.88244	7.08222	1605.905	8675.256	8.04643	0.511	0.76995	0.66987	0.36727	0.30412	
i1	10.9061	22.75078	1504.877	6107.508	11.7386	0.39381	0.65337	0.5673	0.44663	0.80377	
i1	10.91248	26.18575	1578.247	8317.573	1.62872	0.73574	0.86759	0.45705	0.42771	0.9647	
i1	10.9146	17.29629	1538.123	7874.112	9.06967	0.15665	0.29353	0.16911	0.36641	1.89915	
i1	10.94672	29.10993	1549.405	9271.324	10.24632	0.33831	0.38579	0.10151	0.41605	0.42161	
i1	10.99706	26.979	618.9208	4100.259	15.30644	0.20113	0.93574	0.60585	0.28471	1.56804	
i1	11.00589	18.12501	1018.944	7994.476	7.62875	0.79361	0.85891	0.56391	0.4699	1.1521	
i1	11.05724	8.56793	1318.034	4059.222	5.789	0.1288	0.5301	0.5696	0.06676	0.61996	
i1	11.13528	19.47025	808.7138	8733.406	17.32347	0.9629	0.97485	0.78773	0.28232	1.08296	
i1	11.19246	19.9321	697.9996	9013.42	9.22916	0.53279	0.71956	0.27634	0.0224	1.25638	
i1	11.2777	17.19032	1833.731	5255.035	15.65624	0.22709	0.48678	0.24927	0.3554	1.12653	
i1	11.33363	15.2452	800.2519	8001.679	7.66712	0.15337	0.75145	0.32296	0.42352	0.57694	
i1	11.42008	13.14477	1911.949	9797.186	7.39354	0.43697	0.52959	0.0249	0.32538	1.04424	
i1	11.48539	15.59129	620.6082	6292.828	18.11701	0.86661	0.71511	0.33065	0.05053	0.78852	
i1	11.57478	20.14877	1828.211	3149.187	9.08185	0.31274	0.23804	0.1492	0.27967	0.00081	
i1	11.61855	13.28952	1128.786	5190.808	8.98414	0.78012	0.77804	0.89754	0.3903	0.80827	
i1	11.66052	13.57694	1860.926	6118.745	19.54275	0.82736	0.41667	0.65939	0.06941	0.90581	
i1	11.66589	1.94932	669.811	9247.229	3.40944	0.58471	0.25795	0.28019	0.34388	1.46966	
i1	11.69396	4.63756	737.911	7779.668	10.58359	0.62094	0.50993	0.25778	0.23818	0.47214	
i1	11.76015	26.98475	1504.638	6818.879	8.52573	0.68112	0.43964	0.74794	0.15254	1.03241	
i1	11.78024	11.40309	1323.407	4898.738	6.65912	0.70818	0.86736	0.47334	0.47797	1.08078	
i1	11.80107	7.8594	1498.733	5145.265	18.78998	0.2532	0.95105	0.39179	0.214	0.84395	
i1	11.86386	3.6075	977.0006	4826.237	13.52312	0.74268	0.94898	0.03649	0.23102	0.49679	
i1	11.91913	20.22353	1410.684	3167.672	19.56176	0.91447	0.79964	0.82956	0.18916	1.46664	
i1	11.95613	18.00824	1954.774	2857.663	19.1122	0.91555	0.28539	0.89888	0.14898	1.26798	
i1	11.98822	27.84874	1585.853	7180.229	5.24537	0.44471	0.41765	0.16676	0.20975	1.62996	
i1	12.02974	29.19363	1216.793	2790.152	2.40265	0.50932	0.93452	0.8512	0.14218	0.61112	
i1	12.0882	19.97468	1838.076	6799.214	14.11127	0.86079	0.51448	0.89606	0.3721	1.51698	
i1	12.14121	2.88684	1526.464	4254.037	14.37449	0.91698	0.67326	0.05687	0.03725	0.11292	
i1	12.2284	15.20002	542.9822	5089.107	10.72665	0.19223	0.82406	0.43917	0.47684	0.17773	
i1	12.30288	16.60794	1614.744	7220.703	2.75894	0.48991	0.5339	0.55311	0.16464	0.45263	
i1	12.33405	25.92053	937.0666	10083.28	3.1522	0.99577	0.9133	0.75023	0.02608	1.95633	
i1	12.41472	27.79653	1201.735	8957.029	6.20089	0.98178	0.94404	0.07824	0.20946	1.78302	
i1	12.43144	5.74605	1144.57	9705.572	16.20835	0.57006	0.40915	0.28255	0.0377	1.34556	
i1	12.48233	12.2231	1298.166	8806.493	8.27539	0.68085	0.81598	0.28658	0.19781	1.69541	
i1	12.50881	6.86699	1657.584	8099.66	1.7155	0.14091	0.74109	0.97548	0.06185	0.26249	
i1	12.59551	9.43318	942.3518	4855.251	4.82027	0.18581	0.8371	0.54456	0.18894	1.78879	
i1	12.61725	26.71572	922.1013	8201.64	14.05277	0.69788	0.45536	0.48253	0.47545	1.58092	
i1	12.65028	7.2535	1989.153	3135.932	19.01591	0.12738	0.23267	0.66053	0.00296	0.5422	
i1	12.72946	26.3142	1342.852	3059.237	4.22259	0.78667	0.26381	0.98861	0.15377	1.1198	
i1	12.81776	16.22147	1169.974	3829.064	6.21237	0.22027	0.84585	0.66918	0.30808	1.55923	
i1	12.86373	28.44539	1992.879	6017.512	1.91857	0.94911	0.53455	0.19575	0.30199	0.97748	
i1	12.91042	12.47688	1042.466	2772.26	10.16609	0.57813	0.81255	0.66444	0.25993	0.19852	
i1	12.93286	12.68306	1436.204	7885.006	11.77811	0.90862	0.82416	0.39599	0.28382	0.84157	
i1	12.95043	1.79123	1050.77	3859.579	10.11406	0.47397	0.20288	0.96252	0.30564	1.4366	
i1	12.99556	3.26591	671.0817	8987.009	3.03094	0.63683	0.40974	0.89862	0.13046	1.72803	
i1	13.09535	15.07244	900.3202	7268.201	3.96863	0.85073	0.56843	0.96087	0.11507	0.17626	
i1	13.13352	12.76657	673.1209	8708.213	11.95542	0.63559	0.24793	0.69092	0.27881	1.55128	
i1	13.17445	1.25743	1780.664	6801.053	16.6138	0.9646	0.20778	0.16593	0.42964	0.76134	
i1	13.17745	25.85762	1798.89	4880.88	10.10423	0.11995	0.21788	0.99965	0.49152	0.72224	
i1	13.18624	11.57614	1650.294	4015.485	3.15708	0.40912	0.81847	0.27789	0.01719	0.71183	
i1	13.1916	13.86432	1047.19	9901.015	19.3705	0.26791	0.88118	0.08662	0.17625	1.45452	
i1	13.23833	12.09124	1376.632	5059.937	13.90645	0.15723	0.41985	0.81027	0.03162	0.67685	
i1	13.25548	5.37972	1554.681	10068.03	7.73019	0.83499	0.35354	0.15252	0.04727	0.63218	
i1	13.30633	5.29423	1639.533	9765.668	2.05234	0.7539	0.15382	0.92336	0.40659	0.82461	
i1	13.3714	9.13354	1692.144	4170.507	12.65998	0.52664	0.36877	0.96907	0.14216	0.72376	
i1	13.40216	14.21533	1269.359	2240.414	8.48502	0.88041	0.84454	0.67566	0.00982	1.84362	
i1	13.50134	16.31428	604.8328	8799.538	8.62482	0.21275	0.5302	0.46111	0.02432	0.58235	
i1	13.58868	21.27868	1357.459	7986.294	18.75193	0.26679	0.228	0.23295	0.0772	0.85308	
i1	13.64817	14.39481	1823.363	3122.153	9.97763	0.34857	0.97738	0.29978	0.47592	1.98902	
i1	13.67034	28.36442	1283.882	4874.878	14.20575	0.93151	0.47508	0.17304	0.1925	0.93078	
i1	13.71677	8.49398	746.9813	2767.303	18.60518	0.18907	0.29905	0.06881	0.16596	0.75113	
i1	13.76631	27.87572	1756.181	5731.071	1.65526	0.37896	0.68841	0.00935	0.30487	1.21127	
i1	13.76671	25.10836	1323.856	6891.08	3.33317	0.31985	0.50531	0.53955	0.20866	1.67069	
i1	13.76721	26.56411	640.6384	3850.922	18.43	0.11831	0.3417	0.13854	0.04458	1.20095	
i1	13.81863	17.95095	1290.837	5175.533	19.28013	0.60554	0.69537	0.6159	0.28553	0.54251	
i1	13.84079	17.67286	653.8656	8964.519	2.92615	0.30284	0.11355	0.55172	0.38246	0.86473	
i1	13.8795	23.32599	970.8271	6246.936	18.84962	0.30813	0.55106	0.20801	0.1849	1.18067	
i1	13.96035	26.63298	762.275	5103.795	5.47361	0.22327	0.90768	0.89697	0.37643	0.93698	
i1	13.97718	29.25753	565.1219	4785.141	15.15826	0.23031	0.54656	0.76022	0.34826	0.5222	
i1	13.99645	3.42381	546.4452	6820.494	11.72371	0.97338	0.76395	0.06558	0.08921	0.21503	
i1	14.06204	29.62061	1987.12	9744.183	7.12997	0.30418	0.97095	0.22005	0.06192	1.44117	
i1	14.1309	9.46983	1542.478	8831.441	11.69445	0.49614	0.88907	0.05904	0.10019	1.14652	
i1	14.16292	12.396	1485.261	5188.174	18.0893	0.29912	0.38937	0.63716	0.14341	0.99991	
i1	14.23739	28.33944	1230.31	8872.52	15.69656	0.82855	0.96666	0.74123	0.01478	0.17359	
i1	14.28358	21.82488	1068.288	3786.492	9.55107	0.94755	0.63726	0.3268	0.00038	1.59467	
i1	14.37359	10.30647	785.4539	7113.612	13.76841	0.18077	0.80034	0.99355	0.36345	0.12995	
i1	14.42295	14.67578	511.5741	11018.99	4.94573	0.8031	0.81089	0.17063	0.26122	1.63887	
i1	14.4487	29.54366	1306.304	7966.991	3.68024	0.98883	0.62021	0.73802	0.1572	1.15755	
i1	14.50224	7.21939	1849.53	8871.259	15.65597	0.61454	0.83386	0.54952	0.28263	1.08461	
i1	14.56369	2.704	520.8217	7914.507	1.74357	0.2994	0.46309	0.82901	0.19609	1.85176	
i1	14.62854	19.83848	1865.214	3930.449	6.43181	0.14609	0.25622	0.86389	0.39462	0.97595	
i1	14.67281	10.41315	1553.656	5165.386	1.95483	0.52642	0.92265	0.86566	0.01166	0.95863	
i1	14.71361	19.49674	1307.111	6021.632	5.94057	0.61949	0.67905	0.66346	0.20311	0.07114	
i1	14.77255	2.58557	1527.76	6873.521	5.57257	0.97395	0.59562	0.41424	0.41747	0.67984	
i1	14.86277	9.0508	1496.767	7870.895	12.77934	0.74329	0.17061	0.53403	0.29021	0.20356	
i1	14.86411	29.66307	1609.4	7141.728	8.79421	0.99967	0.21576	0.05361	0.33155	1.0697	
i1	14.87304	8.32048	1384.283	9181.451	15.28632	0.84717	0.77087	0.3026	0.12221	1.16073	
i1	14.9373	5.25259	1786.967	4999.592	15.27461	0.53015	0.11962	0.82975	0.00598	1.20444	
i1	15.03045	1.73396	1385.904	8225.833	11.95775	0.10074	0.70369	0.70535	0.02722	0.66771	
i1	15.05448	5.16502	1379.431	9960.306	18.44159	0.40438	0.69391	0.66339	0.3204	1.80865	
i1	15.07886	9.21632	576.4501	3039.091	12.21672	0.82204	0.62171	0.61215	0.31601	1.18329	
i1	15.10031	17.34296	1425.433	9846.62	5.45903	0.27431	0.82522	0.90545	0.44951	1.72047	
i1	15.12425	5.03742	505.7874	9954.408	19.40983	0.92965	0.24742	0.62884	0.29262	1.60919	
i1	15.17757	25.04065	631.8759	7812.781	18.68374	0.71044	0.44775	0.5104	0.14521	0.03682	
i1	15.18778	15.63908	1372.939	8961.422	6.88565	0.83498	0.92141	0.11557	0.36105	1.62342	
i1	15.28536	28.88078	1926.395	11234.22	15.95305	0.92788	0.91135	0.9508	0.27435	0.97347	
i1	15.3609	3.37433	973.5818	10091.6	13.6541	0.3218	0.56942	0.0524	0.37842	1.62401	
i1	15.36799	25.90794	975.2023	8181.306	11.98007	0.66392	0.52247	0.49058	0.37107	0.38302	
i1	15.39823	21.82057	729.3754	4746.918	14.25471	0.94593	0.25578	0.59912	0.44536	1.44359	
i1	15.40682	19.73726	1705.505	5969.407	10.29906	0.52271	0.68322	0.01101	0.26104	0.80973	
i1	15.48912	18.19362	895.6383	3215.342	5.66737	0.85749	0.78975	0.71506	0.16612	1.01706	
i1	15.57978	19.40131	839.721	2811.078	17.86721	0.93169	0.99947	0.06084	0.26161	1.78026	
i1	15.65805	18.66298	1304.364	7887.891	1.20219	0.1231	0.15038	0.65866	0.01834	1.15611	
i1	15.66441	25.9309	756.4061	5125.645	19.99051	0.47493	0.25205	0.76589	0.06583	1.00236	
i1	15.69186	2.10863	703.5582	6975.043	2.8567	0.12111	0.4825	0.09713	0.04214	1.89642	
i1	15.79059	26.14075	1335.919	7097.62	9.61129	0.61113	0.59426	0.5092	0.11329	1.17169	
i1	15.79933	9.41302	1168.299	4784.664	12.73034	0.50053	0.70731	0.78633	0.10546	1.61288	
i1	15.82809	15.07479	1767	6105.173	19.73847	0.94815	0.502	0.41123	0.01976	1.0619	
i1	15.86404	1.77674	1096.811	11053.6	11.45551	0.86599	0.53618	0.09946	0.18015	1.42244	
i1	15.93257	13.97934	501.9886	3156.324	14.40943	0.65684	0.61829	0.38054	0.20252	1.57359	
i1	15.95128	21.08373	908.1997	2161.3	3.19928	0.33253	0.97663	0.56241	0.3348	0.02712	
i1	15.96063	1.84215	560.514	6952.501	18.96944	0.63157	0.40811	0.4304	0.34505	1.40529	
i1	15.9748	11.88674	725.3124	3215.532	10.61869	0.87037	0.78549	0.08212	0.11826	0.3334	
i1	16.06169	13.28136	1788.862	3203.333	9.64775	0.97749	0.45948	0.42918	0.2687	0.13804	
i1	16.10597	19.29242	647.0862	6925.288	3.31825	0.13944	0.16634	0.46435	0.23711	1.52762	
i1	16.12268	18.85941	708.8247	5089.83	15.41702	0.68092	0.25586	0.52045	0.36379	0.81937	
i1	16.1914	18.29862	1749.772	7755.64	15.01355	0.35949	0.56925	0.13697	0.35875	0.11759	
i1	16.21201	5.6472	1534.349	5026.785	13.2233	0.83042	0.41308	0.71705	0.13797	1.64417	
i1	16.2601	13.84499	1156.892	8132.334	15.4426	0.27705	0.33898	0.93331	0.35859	1.98625	
i1	16.29441	12.72531	1384.443	3880.937	19.06356	0.39447	0.51805	0.4721	0.23208	0.36403	
i1	16.3475	20.4344	1013.393	4102.245	19.50984	0.98703	0.12883	0.32207	0.35132	0.61594	
i1	16.36192	6.32149	1626.352	7954.684	16.26792	0.55993	0.80092	0.06911	0.22217	0.99195	
i1	16.36815	23.83307	1850.441	8815.665	19.30701	0.86591	0.98115	0.42803	0.16155	0.88642	
i1	16.42916	25.76598	670.044	11866.12	2.4147	0.17881	0.94411	0.1065	0.20482	1.28108	
i1	16.47061	17.05993	1736.062	3826.992	3.58162	0.66485	0.70877	0.91468	0.34837	0.24151	
i1	16.51168	23.01009	1862.156	5070.145	8.80589	0.88447	0.24576	0.38989	0.14983	0.97012	
i1	16.59499	27.38154	1008.587	11875.89	17.3783	0.47216	0.13062	0.79992	0.26001	0.88732	
i1	16.63904	28.09987	1996.177	4841.954	2.89709	0.21999	0.9029	0.77625	0.024	1.17769	
i1	16.72874	14.30098	1021.722	10155.93	15.62238	0.78279	0.70907	0.93155	0.07427	1.95282	
i1	16.77041	29.46749	1829.174	9916.345	18.63388	0.77332	0.25226	0.96213	0.27402	1.37839	
i1	16.81099	29.66669	1435.509	6064.264	5.80712	0.75117	0.58291	0.14512	0.24989	1.16914	
i1	16.88439	12.50674	564.8337	2883.082	4.83607	0.83154	0.85639	0.87864	0.37219	1.97794	
i1	16.9699	5.66847	1955.915	9877.748	18.41632	0.90884	0.54037	0.08583	0.43042	0.07469	
i1	17.0474	8.73198	538.7796	6054.693	13.72729	0.35097	0.21	0.20642	0.21199	1.24398	
i1	17.1265	5.58053	528.1615	10901.76	5.55491	0.29861	0.68233	0.08017	0.04966	0.78281	
i1	17.13342	28.67666	1328.58	2131.92	14.21516	0.52213	0.94461	0.18483	0.27743	1.59858	
i1	17.15565	10.56685	598.8648	4775.025	14.84319	0.76219	0.5742	0.85081	0.47109	1.90175	
i1	17.20293	22.26215	663.2341	7062.388	11.78039	0.4137	0.74102	0.21442	0.21436	1.62312	
i1	17.26352	15.43789	1648.891	3792.374	11.21451	0.51532	0.66452	0.47606	0.32315	0.36423	
i1	17.29106	26.18578	1268.011	5782.401	3.21365	0.31654	0.16933	0.6434	0.0457	0.03843	
i1	17.35049	17.36177	1628.592	9208.573	2.05963	0.38781	0.14649	0.76801	0.2671	0.96074	
i1	17.40845	5.06097	1967.344	5809.895	6.6667	0.56425	0.82627	0.9255	0.49595	0.90652	
i1	17.41922	8.75021	982.6007	8803.349	12.5617	0.49442	0.8742	0.68554	0.04082	1.90324	
i1	17.4897	20.60154	1273.729	6914.27	8.20121	0.61443	0.79924	0.43066	0.1698	0.62228	
i1	17.5808	27.65609	1176.762	11807.87	6.02885	0.77448	0.46459	0.07164	0.33746	0.79399	
i1	17.63329	23.69345	1496.365	11056.75	8.64091	0.34548	0.35639	0.26237	0.47915	0.73303	
i1	17.6547	20.22843	563.646	9930.973	3.28382	0.4793	0.37126	0.89714	0.42605	1.282	
i1	17.67554	23.13096	1340.265	9033.871	13.39558	0.84237	0.46799	0.0575	0.44825	0.16759	
i1	17.72099	13.22034	1799.49	3044.593	6.09244	0.34163	0.45234	0.5529	0.26543	0.69956	
i1	17.81293	22.6004	519.2456	12213.54	10.01838	0.21973	0.44496	0.77605	0.01508	0.47078	
i1	17.85464	7.9149	1997.788	12855.54	18.06005	0.68583	0.82187	0.30677	0.35421	1.39715	
i1	17.8937	5.72446	679.9457	4839.656	6.35129	0.44919	0.57284	0.67314	0.47044	0.11245	
i1	17.896	25.94859	1701.597	2071.765	16.62065	0.34814	0.2519	0.20542	0.02588	0.39789	
i1	17.94009	14.5957	1156.085	6860.978	9.47485	0.40176	0.18124	0.24812	0.32103	1.59737	
i1	18.03476	1.94613	1942.393	2216.918	6.50083	0.31892	0.50918	0.81489	0.45819	0.79106	
i1	18.12187	28.23951	883.7428	9150.911	19.52576	0.17017	0.9531	0.14382	0.1417	1.99932	
i1	18.15615	22.00194	1202.716	10819.74	4.10732	0.92307	0.2039	0.25381	0.08132	1.515	
i1	18.16141	4.171	1685.187	1952.296	4.34412	0.17168	0.33159	0.63065	0.44727	0.34741	
i1	18.16404	23.20371	669.4965	4970.203	9.31864	0.17923	0.42399	0.38572	0.11593	1.28675	
i1	18.20258	17.66393	1051.371	11189.13	7.74065	0.57801	0.79154	0.47021	0.39246	1.86205	
i1	18.22536	25.2851	560.5525	1967.712	17.17853	0.29474	0.18773	0.10883	0.42351	1.98402	
i1	18.25362	26.32329	1636.482	6099.106	3.94942	0.27593	0.53521	0.51522	0.2906	1.43085	
i1	18.26949	29.03062	935.0619	7881.739	16.58813	0.68033	0.15157	0.5888	0.05751	1.68445	
i1	18.32148	10.93931	1519.464	8053.255	7.85084	0.57803	0.79891	0.45805	0.31999	1.2472	
i1	18.36649	27.75264	1245.227	4037.718	7.04266	0.68685	0.46287	0.8016	0.08363	1.96877	
i1	18.4182	10.44991	1926.439	10994.98	17.18861	0.79425	0.50669	0.90933	0.1801	1.13381	
i1	18.49336	26.52059	1864.457	6861.666	9.36413	0.34319	0.96611	0.21679	0.36413	1.20463	
i1	18.5774	6.1711	1287.229	5829.324	8.3345	0.85857	0.99033	0.78922	0.32223	0.31305	
i1	18.65476	5.68299	1223.576	10048.37	19.40244	0.40097	0.54635	0.42043	0.12187	1.71228	
i1	18.75349	29.86366	1604.243	12070.02	9.10342	0.25874	0.25046	0.38884	0.19658	1.79087	
i1	18.85261	7.77316	610.6235	7886.213	11.84453	0.5138	0.42294	0.56002	0.1245	0.00656	
i1	18.92427	1.65525	747.1467	3994.841	15.19598	0.21998	0.58001	0.24311	0.27687	1.55419	
i1	18.9342	16.69116	1658.587	11803.75	9.32285	0.279	0.11061	0.60522	0.29386	0.80991	
i1	18.98427	17.78743	1457.769	8179.946	2.80211	0.28835	0.13076	0.45367	0.38465	0.56635	
i1	19.02997	15.08964	958.6544	9006.411	14.01086	0.14763	0.77953	0.21813	0.14802	0.61755	
i1	19.12949	12.46312	1774.776	10914.08	5.3831	0.35911	0.96985	0.24248	0.44656	1.10846	
i1	19.19424	12.41954	699.6565	5012.423	19.39551	0.30516	0.5457	0.00237	0.34081	0.52905	
i1	19.2228	5.01882	1625.562	8880.742	15.44569	0.49164	0.67981	0.51533	0.32664	1.88054	
i1	19.30521	19.80681	1003.327	9888.394	8.90639	0.60962	0.96567	0.38263	0.40436	1.70995	
i1	19.3989	14.22839	873.1252	2166.711	15.09985	0.29524	0.36812	0.23732	0.10965	1.95907	
i1	19.44909	15.64051	677.1763	4856.754	2.82699	0.89058	0.71864	0.7404	0.19687	0.68133	
i1	19.51716	7.31789	1983.762	1905.675	17.94453	0.46477	0.62421	0.85367	0.39396	0.78236	
i1	19.58803	22.01875	1770.994	13105.66	16.10015	0.63048	0.2569	0.09266	0.41337	0.78726	
i1	19.59526	10.52924	1847.716	3954.005	12.03549	0.99517	0.16186	0.26819	0.36752	0.92496	
i1	19.65615	13.05526	1520.505	8957.513	9.20643	0.61494	0.103	0.01438	0.21291	1.58252	
i1	19.69671	4.89963	1274.068	4865.832	2.74543	0.37971	0.85808	0.26619	0.20172	1.33812	
i1	19.7627	14.7936	1996.482	8162.778	13.65311	0.62062	0.59765	0.73468	0.42333	0.57594	
i1	19.78242	14.21006	1555.503	12143.78	2.01747	0.22203	0.50469	0.05688	0.07498	1.75096	
i1	19.86724	17.11005	514.922	6014.691	16.35967	0.19163	0.70748	0.65072	0.184	0.15685	
i1	19.89922	1.80715	1331.103	5174.135	12.1366	0.29802	0.90631	0.13908	0.47735	1.48513	
i1	19.94193	5.40408	797.1246	3051.415	1.55789	0.32647	0.33967	0.47901	0.15426	0.83253	
i1	19.97739	5.54319	1957.675	6019.983	10.89618	0.80217	0.51963	0.19583	0.21545	1.66852	
i1	20.00482	22.7697	1793.139	11946.01	2.2941	0.50341	0.14351	0.96401	0.29365	0.00611	
i1	20.07548	1.41616	732.3762	12940.93	3.75623	0.26585	0.24066	0.41137	0.33165	0.92962	
i1	20.15824	1.51585	1432.208	11834.2	8.26235	0.22809	0.62164	0.84848	0.16908	0.02101	
i1	20.22652	18.75998	1641.775	8132.176	9.37406	0.84636	0.99376	0.48909	0.39665	1.16074	
i1	20.27574	15.49654	1392.078	9877.364	8.68624	0.76581	0.84821	0.56083	0.07557	0.98927	
i1	20.27831	29.38461	1268.633	9877.907	15.78567	0.90519	0.81049	0.35779	0.37157	0.25518	
i1	20.31515	13.35038	1610.007	3038.204	19.44348	0.26267	0.9629	0.96377	0.33492	1.50416	
i1	20.36957	5.69727	877.9415	3080.552	16.37164	0.69085	0.89078	0.64037	0.10867	0.05959	
i1	20.38308	8.04621	512.8596	9891.086	17.91164	0.80809	0.58787	0.67952	0.07228	0.57043	
i1	20.46379	15.87288	1566.633	8158.479	13.20445	0.71362	0.75508	0.60111	0.32279	0.79539	
i1	20.49912	6.50167	1339.507	9068.586	7.24289	0.43183	0.33549	0.20722	0.00454	0.95797	
i1	20.52283	5.17844	1582.94	4851.044	16.03875	0.65084	0.12911	0.33359	0.14578	0.35382	
i1	20.58471	3.8618	1534.652	5882.69	13.27023	0.3989	0.11052	0.37366	0.46661	1.31453	
i1	20.66185	9.30607	1770.465	5890.911	17.93986	0.25799	0.72976	0.15323	0.19138	1.41763	
i1	20.72508	18.97354	1779.35	5998.958	17.44185	0.67997	0.9696	0.89771	0.489	0.51558	
i1	20.73255	18.30755	1034.707	11110.3	18.60742	0.10205	0.18685	0.9384	0.18797	0.05943	
i1	20.79212	5.27167	974.1992	7053.631	10.0883	0.28693	0.65637	0.17807	0.18047	0.00191	
i1	20.88081	29.80123	1431.101	11015.45	7.59908	0.53749	0.44578	0.31354	0.1919	0.72441	
i1	20.93795	14.29434	1938.525	13835.5	5.23346	0.89715	0.93707	0.31931	0.41206	0.61202	
i1	20.97286	13.17378	1179.963	10033.53	17.38608	0.93848	0.88558	0.48062	0.05486	0.46759	
i1	21.02102	29.90128	840.4109	2902.727	14.99125	0.61683	0.62956	0.12058	0.4439	1.94441	
i1	21.0693	14.31472	1145.947	7062.892	8.35163	0.6881	0.39477	0.317	0.48638	0.30329	
i1	21.1316	10.33162	1357.149	2124.48	19.75183	0.49047	0.10716	0.8598	0.45724	0.23534	
i1	21.14097	12.48531	671.3978	5861.774	10.46867	0.86558	0.90532	0.08675	0.48561	1.56519	
i1	21.14688	14.16635	862.5888	7941.476	18.02046	0.66579	0.22873	0.22334	0.47283	0.23158	
i1	21.18438	17.49127	1156.353	13960.37	13.25468	0.48206	0.44225	0.65294	0.14215	0.5895	
i1	21.26144	11.95925	1536.191	13033.86	14.2704	0.27023	0.76197	0.59324	0.13795	1.4135	
i1	21.29903	10.71078	741.1436	9852.378	16.66443	0.15092	0.3216	0.96748	0.13996	0.38374	
i1	21.30737	19.99208	1640.804	8091.089	12.42503	0.46497	0.95081	0.98159	0.02923	0.4593	
i1	21.33501	25.0431	1411.336	14076.42	14.56503	0.3754	0.24065	0.44947	0.44962	0.86436	
i1	21.35064	8.97721	1650.549	5853.927	17.96015	0.63233	0.4362	0.13886	0.27948	1.30695	
i1	21.38372	19.62443	962.5617	2849.632	4.09809	0.91872	0.5471	0.1084	0.44564	1.11049	
i1	21.41753	5.86121	1076.474	13993.62	3.56053	0.18844	0.32645	0.29105	0.27387	0.3017	
i1	21.48986	21.41485	1138.887	7966.663	1.39796	0.38671	0.17356	0.39451	0.22871	1.28138	
i1	21.49467	23.85628	924.3665	6032.998	17.70881	0.50137	0.33944	0.37619	0.27718	0.31467	
i1	21.58781	26.88021	987.4416	5857.412	16.92258	0.51375	0.47262	0.08964	0.37539	1.92351	
i1	21.61187	14.74591	1498.573	10097.4	19.32084	0.71799	0.98648	0.04599	0.04058	0.88479	
i1	21.68054	4.74531	845.8159	14138.09	10.22459	0.19896	0.474	0.75155	0.24307	1.93985	
i1	21.77143	13.10997	1793.521	4147.215	14.93342	0.73034	0.72422	0.14736	0.39501	0.88869	
i1	21.78235	1.88465	1877.512	11944.33	14.24143	0.89434	0.51534	0.68189	0.46429	1.08531	
i1	21.79479	18.84264	1507.703	6034.797	12.1122	0.24158	0.51831	0.00041	0.45443	1.90187	
i1	21.89182	24.71462	1052.784	12891.54	1.98026	0.19167	0.57976	0.74516	0.12461	0.64616	
i1	21.91078	11.39148	1030.377	2917.42	3.5299	0.14545	0.9914	0.59464	0.3662	1.83806	
i1	21.92452	25.84389	1301.441	12109.04	5.01888	0.20723	0.96976	0.67631	0.05978	1.75052	
i1	21.98725	3.60695	1539.51	14979.81	18.529	0.77014	0.18787	0.45564	0.24488	0.69369	
i1	22.06512	20.69892	1557.759	3020.625	15.95535	0.85449	0.26453	0.77757	0.21648	1.8304	
i1	22.13478	17.53745	1657.832	4131.764	8.20768	0.98507	0.41504	0.34575	0.32986	0.9392	
i1	22.15689	9.32196	1339.242	13965.49	6.37194	0.53387	0.69276	0.38036	0.46886	0.29677	
i1	22.22961	21.77661	1741.486	7069.797	17.12605	0.6533	0.34364	0.03155	0.19618	1.40734	
i1	22.32429	3.57958	910.8923	11071.47	7.07707	0.68795	0.73184	0.66989	0.49952	0.72352	
i1	22.33825	7.38137	1473.09	10989.88	3.54731	0.93831	0.26295	0.79269	0.15591	0.23754	
i1	22.43236	2.13194	1752.807	11992.15	9.95687	0.71555	0.44516	0.74212	0.35775	1.55173	
i1	22.47694	20.20492	1797.221	11089.6	8.23663	0.26619	0.4357	0.08292	0.42727	0.74407	
i1	22.52141	29.82703	1388.122	2147.994	14.16733	0.75354	0.12238	0.87407	0.25942	0.67338	
i1	22.62069	14.33747	1063.586	12964.62	5.34423	0.86242	0.56079	0.61216	0.29463	0.45497	
i1	22.6595	2.01655	1834.582	4926.512	15.34072	0.34354	0.49374	0.12778	0.17676	0.58408	
i1	22.70949	24.14775	929.1149	2135.167	17.94053	0.98118	0.83624	0.91648	0.42658	0.67376	
i1	22.73481	25.53429	1695.19	10027.28	13.8071	0.12289	0.52843	0.18605	0.3188	0.13058	
i1	22.77617	1.74276	650.5161	5135.427	6.29047	0.86961	0.61647	0.71594	0.49145	1.85473	
i1	22.77698	14.99843	1588.347	5097.693	11.91731	0.65545	0.34584	0.39264	0.26682	0.25264	
i1	22.84993	23.81763	1958.492	8902.81	8.89843	0.68175	0.59657	0.89174	0.41622	0.37868	
i1	22.94563	8.13311	822.4298	1987.144	11.43525	0.54406	0.92124	0.12307	0.10467	1.79077	
i1	22.95068	7.30222	1067.134	12074.18	10.71612	0.95742	0.45386	0.78453	0.17266	1.85365	
i1	23.04177	3.17032	1570.46	13954.77	12.42183	0.21641	0.5766	0.1529	0.01054	0.72399	
i1	23.076	29.36522	1411.944	9042.271	1.67417	0.24147	0.14553	0.94797	0.14013	0.51985	
i1	23.16034	10.59033	1215.868	4085.761	3.02742	0.98976	0.25672	0.49988	0.38657	1.03891	
i1	23.20302	20.83567	1391.44	3037.098	11.77603	0.2759	0.34273	0.09672	0.17417	0.58156	
i1	23.2489	21.02669	903.3352	2017.141	5.70755	0.37394	0.30147	0.29835	0.12617	1.00824	
i1	23.30473	3.77543	1752.23	1892.497	7.02589	0.94737	0.12173	0.49128	0.22071	1.59458	
i1	23.30581	26.17547	1221.92	9972.763	1.1609	0.1436	0.82043	0.27816	0.07258	0.29763	
i1	23.36271	18.51214	1759.082	13084.6	13.74025	0.17844	0.22799	0.8944	0.19275	0.78911	
i1	23.40257	28.36992	1235.386	4131.008	19.60703	0.82667	0.25738	0.00346	0.14935	1.23255	
i1	23.48265	9.97356	1226.592	5054.301	18.37484	0.54358	0.39743	0.71494	0.38551	0.95126	
i1	23.56903	10.85915	619.2486	11108.44	4.37828	0.77503	0.81127	0.32001	0.32222	0.35161	
i1	23.64049	2.24569	679.3906	4018.605	6.24956	0.18902	0.11101	0.45116	0.05119	0.62185	
i1	23.64724	27.19078	1430.535	9052.158	4.51816	0.58134	0.14022	0.51564	0.12488	1.63143	
i1	23.74637	4.29192	733.5308	2021.172	16.51645	0.40014	0.83873	0.60695	0.32675	0.9305	
i1	23.82465	11.67389	1262.306	14117.07	11.88482	0.80605	0.10113	0.58511	0.11783	0.20727	
i1	23.91425	9.78945	510.1444	8931.515	17.2433	0.27274	0.1461	0.8996	0.35379	0.60196	
i1	23.98578	21.26651	1121.74	14014.8	15.62275	0.30803	0.28405	0.59043	0.41905	1.71599	
i1	23.99136	19.00469	839.0924	9114.194	10.94076	0.81905	0.41354	0.52446	0.19203	1.16806	
i1	24.05417	9.12289	1830.675	10885.16	16.13339	0.76782	0.8441	0.84771	0.32081	1.0687	
i1	24.06905	11.35133	849.7954	9114.854	5.33096	0.10253	0.8149	0.43244	0.29662	1.26486	
i1	24.0981	19.81884	879.9207	8942.434	5.04337	0.79883	0.3839	0.56119	0.15047	1.39901	
i1	24.11263	27.94167	1969.409	1116.649	11.71362	0.79849	0.79693	0.39066	0.31191	0.83198	
i1	24.20513	23.40253	1659.4	3089.568	7.37799	0.10079	0.24492	0.13001	0.21666	1.50853	
i1	24.28138	21.98891	1104.787	1049.076	5.56482	0.6544	0.81298	0.5557	0.08859	0.18628	
i1	24.30691	10.34987	533.2413	4886.73	7.74019	0.62743	0.10982	0.12911	0.48835	1.26945	
i1	24.36142	27.14923	1110.836	5951.59	2.13813	0.76862	0.38702	0.22092	0.43646	1.50447	
i1	24.45894	19.42562	1213.983	6935.626	13.37073	0.74462	0.99494	0.44329	0.13597	0.34313	
i1	24.51259	16.28723	1240.963	9115.533	15.47718	0.86385	0.23017	0.77287	0.48892	0.24264	
i1	24.55336	16.16514	534.5246	13101.19	16.97846	0.17463	0.60195	0.15989	0.15192	0.86129	
i1	24.64457	9.09174	599.0161	6976.418	13.49067	0.74539	0.19392	0.65178	0.0802	0.75258	
i1	24.72691	21.20799	1855.155	5957.531	5.85297	0.69885	0.24944	0.40005	0.21913	0.28776	
i1	24.77905	25.52974	1500.222	9075.239	13.55269	0.55701	0.66457	0.21839	0.33384	1.86228	
i1	24.84396	17.81396	815.2483	11999.41	19.3901	0.88081	0.48893	0.07225	0.25968	1.18508	
i1	24.88882	10.93823	934.0536	6080.913	13.54039	0.59031	0.11563	0.82607	0.47242	0.91127	
i1	24.98581	14.51988	952.2309	10960.65	1.20112	0.96594	0.23009	0.63789	0.09027	1.62444	
i1	25.04272	25.0578	1088.015	13014.2	11.34786	0.42392	0.68208	0.97677	0.21608	0.33222	
i1	25.09966	26.54035	1263.212	14071.79	5.42092	0.25195	0.46312	0.25005	0.49745	0.69661	
i1	25.17023	28.98036	1721.764	992.8662	12.43039	0.84259	0.9724	0.74615	0.23149	0.29975	
i1	25.22607	1.92821	1969.18	15964.14	16.41277	0.57167	0.37925	0.45796	0.25042	1.48489	
i1	25.28848	3.03468	1434.717	2987.231	18.64802	0.87024	0.37154	0.33231	0.05294	0.5932	
i1	25.35655	24.53534	892.1631	8932.981	16.55601	0.87674	0.3882	0.78807	0.30459	1.56641	
i1	25.45034	5.85894	1722.821	15084.16	3.24053	0.66377	0.49732	0.42821	0.04219	1.88464	
i1	25.46741	21.54481	518.7203	13092.17	16.98507	0.94719	0.68466	0.14303	0.13682	1.51099	
i1	25.51138	28.67351	1350.587	11997.85	9.5384	0.44722	0.6077	0.76962	0.08693	0.3466	
i1	25.56667	4.24225	1011.273	6936.689	1.5547	0.51289	0.995	0.47067	0.44349	0.15764	
i1	25.60797	2.67113	1680.895	7921.808	17.17694	0.66572	0.43011	0.50104	0.3858	1.28085	
i1	25.63363	7.12591	1392.027	13998.11	18.33387	0.13967	0.28844	0.47642	0.40684	0.76649	
i1	25.69861	11.62885	1242.568	16940.5	14.95642	0.57182	0.50441	0.729	0.49745	0.67264	
i1	25.77939	12.8288	1090.915	10071.07	16.83372	0.32083	0.3013	0.20014	0.3732	1.99055	
i1	25.86345	1.08484	809.7692	7962.176	16.70374	0.20694	0.53139	0.0359	0.29762	0.58603	
i1	25.90537	8.10396	1489.291	15916.82	5.47514	0.45467	0.49458	0.68487	0.06154	0.86666	
i1	25.9075	27.99592	1761.83	7092.06	10.99355	0.70712	0.69445	0.74964	0.43736	0.81379	
i1	25.98199	21.74321	1114.73	16038.04	3.86016	0.3127	0.16323	0.62986	0.13611	1.33099	
i1	26.07428	21.04966	1865.688	10042.93	12.5055	0.23139	0.97883	0.04398	0.41543	0.19911	
i1	26.12202	25.70975	545.6712	5988.084	6.07674	0.60078	0.99379	0.92769	0.15303	1.73564	
i1	26.15549	2.47846	1374.652	12981.65	1.0458	0.76027	0.98267	0.07266	0.18175	0.50594	
i1	26.22931	9.3048	1916.505	11063.89	17.50674	0.5949	0.81515	0.84526	0.29693	1.25095	
i1	26.32379	3.06407	1216.3	16956.51	8.40436	0.77026	0.57851	0.38281	0.33621	1.67549	
i1	26.34886	1.2034	1833.09	14077.03	15.27702	0.90202	0.61063	0.73216	0.4819	1.86172	
i1	26.44737	21.35667	825.8451	16010.03	7.6608	0.17741	0.53142	0.14517	0.46563	0.14645	
i1	26.52444	26.40603	716.5983	4965.563	17.17521	0.58069	0.99362	0.38301	0.45845	1.33067	
i1	26.54652	5.85843	1508.526	2084.889	1.02389	0.4814	0.10055	0.56862	0.07797	1.92883	
i1	26.59647	5.09098	1499.553	12930.61	2.3402	0.11524	0.82244	0.54989	0.08106	1.46795	
i1	26.65879	28.05003	1415.065	13076.08	4.43789	0.51523	0.37146	0.17385	0.42219	0.43705	
i1	26.74271	2.88874	1079.089	9034.035	4.31755	0.44858	0.94178	0.17522	0.47797	0.1825	
i1	26.75668	14.20692	848.4778	14021.99	4.27022	0.37257	0.84065	0.97483	0.42637	1.97011	
i1	26.82756	14.80017	1876.725	5998.821	5.62432	0.18888	0.80219	0.545	0.13631	1.24918	
i1	26.90392	4.24227	1534.581	3024.267	12.84354	0.8779	0.58322	0.55866	0.01978	0.98569	
i1	26.96891	6.19656	1922.38	15078.5	19.71879	0.20833	0.26657	0.80814	0.0476	0.07566	
i1	27.04823	24.31604	1270.55	12944.11	3.33408	0.78138	0.8288	0.90306	0.15104	0.16478	
i1	27.101	2.90303	791.2872	4045.051	5.08905	0.83578	0.17353	0.75212	0.1881	0.24251	
i1	27.1255	1.75697	950.6688	3982.484	18.25826	0.35708	0.38223	0.09341	0.0469	0.81757	
i1	27.13863	26.72277	819.1827	11931.18	12.3622	0.40207	0.46183	0.40779	0.11935	1.40824	
i1	27.18765	23.22413	1654.611	12034.67	19.69073	0.98646	0.55171	0.06542	0.36854	1.75619	
i1	27.20633	29.47912	1856.3	8982.361	4.32986	0.83128	0.79549	0.48884	0.45297	1.73312	
i1	27.29609	2.07837	1630.328	2069.346	13.96045	0.41641	0.50145	0.08416	0.37968	1.3695	
i1	27.37492	8.23629	1176.649	10018.13	18.74401	0.49134	0.58868	0.4358	0.25012	0.56009	
i1	27.40632	20.92083	893.1284	4044.497	4.30694	0.49361	0.12756	0.94682	0.46309	1.87313	
i1	27.48766	24.89066	1960.627	10042.84	18.75047	0.69029	0.92664	0.38029	0.37002	1.35569	
i1	27.49417	16.32117	1891.058	9060.897	2.64036	0.87514	0.95587	0.62931	0.14853	0.90242	
i1	27.58511	18.71793	707.1993	3932.066	16.75213	0.38096	0.6479	0.85968	0.1295	1.06993	
i1	27.66474	3.09906	1038.173	13980.44	13.14695	0.36372	0.48329	0.55781	0.33665	0.33184	
i1	27.68831	22.41201	1541.357	3048.524	5.8352	0.80252	0.12186	0.20545	0.20494	0.64272	
i1	27.75398	10.25778	1898.482	14042.1	10.3228	0.78524	0.19627	0.09945	0.31053	0.73194	
i1	27.81743	13.10217	1157.528	17972.62	4.55905	0.1699	0.3576	0.6132	0.31774	1.91905	
i1	27.89534	26.26261	1546.805	8969.978	1.64883	0.95712	0.32854	0.05844	0.0789	1.32763	
i1	27.93333	24.61914	1974.573	5994.589	12.57554	0.52635	0.16615	0.71621	0.28659	1.38913	
i1	27.94156	7.0203	667.822	9948.961	4.81518	0.36928	0.63838	0.48702	0.4562	0.46734	
i1	27.98622	21.05423	657.1887	3003.474	4.13285	0.22505	0.18709	0.41882	0.09869	0.50913	
i1	27.99449	17.73823	603.5295	1956.183	17.8967	0.71043	0.58547	0.9628	0.19723	0.22517	
i1	28.06023	14.82269	980.269	13997.94	19.94632	0.56888	0.1616	0.59537	0.004	1.9617	
i1	28.14314	14.1816	1508.561	16988.87	12.38006	0.85353	0.16549	0.69572	0.12804	0.54031	
i1	28.23817	10.82285	1771	977.7714	8.68366	0.76297	0.72781	0.94381	0.34972	0.18406	
i1	28.24382	11.34719	1353.01	7013.723	3.39489	0.60926	0.90779	0.19449	0.08061	1.81109	
i1	28.26136	29.71742	1040.125	15051.5	18.55764	0.96313	0.71648	0.99686	0.32738	1.88212	
i1	28.28807	18.54601	919.6675	2056.33	12.86243	0.71576	0.86588	0.3219	0.314	1.10083	
i1	28.32947	20.84714	1860.819	17983.56	2.15816	0.12993	0.59361	0.95851	0.11388	1.41934	
i1	28.41588	12.68976	1549.886	4048.009	5.76541	0.66161	0.26485	0.93579	0.31043	1.67584	
i1	28.50357	26.74849	1164.433	3024.836	1.04225	0.16056	0.85673	0.8532	0.1946	0.9376	
i1	28.54394	24.29057	729.7748	5997.532	15.92879	0.29273	0.40968	0.33418	0.08632	1.14368	
i1	28.54833	2.06419	1962.401	13967.89	5.95579	0.30317	0.431	0.444	0.08077	1.97729	
i1	28.57653	2.11306	1814.787	13040.06	4.70514	0.89087	0.81295	0.03582	0.36598	0.36273	
i1	28.627	4.93138	1976.729	12020.12	9.48145	0.79319	0.88474	0.79048	0.05219	0.08916	
i1	28.66324	5.29872	621.9165	6047.84	17.94799	0.4079	0.6067	0.25978	0.39305	1.44906	
i1	28.68809	2.97286	1644.368	2964.222	16.0652	0.96213	0.10333	0.58507	0.49687	1.47129	
i1	28.76474	15.45212	1806.817	13990.34	3.96679	0.38584	0.56902	0.02808	0.05404	1.25105	
i1	28.77202	14.64157	1660.632	3017.327	16.34536	0.69918	0.54645	0.37065	0.46277	0.56432	
i1	28.78155	6.04469	1025.285	15983.71	6.67915	0.22879	0.83441	0.3026	0.36408	1.61949	
i1	28.78538	15.34358	962.1399	16976.27	5.66506	0.51782	0.30435	0.76667	0.24616	0.67029	
i1	28.8246	17.38465	1708.312	3038.348	14.65968	0.65187	0.84853	0.21498	0.49192	1.51446	
i1	28.87432	3.2915	1896.775	15968.94	18.80504	0.30708	0.99138	0.75312	0.26634	1.43719	
i1	28.93061	17.557	819.8034	16012.66	10.12738	0.51286	0.40167	0.70745	0.1127	1.65503	
i1	28.93488	18.90997	1088.758	15973.28	15.88703	0.20029	0.51519	0.61523	0.16321	0.89033	
i1	28.97213	24.88322	1286.272	5988.325	13.74693	0.51516	0.58035	0.66132	0.1072	0.13282	
i1	29.01013	23.54071	1456.009	11011.93	13.31618	0.20596	0.14666	0.98341	0.41259	0.55449	
i1	29.09123	26.16529	1842.246	4005.681	14.60213	0.71052	0.38339	0.17723	0.14679	1.28258	
i1	29.15347	20.31509	1197.274	3002.356	19.42382	0.22217	0.64707	0.5034	0.39853	1.64453	
i1	29.21045	6.13222	1399.297	4011.373	15.6317	0.32298	0.39239	0.82194	0.11558	0.3001	
i1	29.22038	2.22082	526.7297	18956.64	5.66515	0.76035	0.70513	0.56041	0.45547	1.93191	
i1	29.24056	16.46683	1447.99	12959.15	13.91831	0.6415	0.82206	0.28777	0.05253	1.19869	
i1	29.25157	20.57131	1664.48	13027.14	17.75836	0.59177	0.96159	0.20689	0.18417	0.37697	
i1	29.28727	14.55836	845.8716	7016.867	9.76932	0.5285	0.19764	0.13392	0.01826	0.03887	
i1	29.29727	7.9084	1329.159	13977.94	18.19059	0.30942	0.40018	0.70706	0.26023	0.8772	
i1	29.32792	19.28423	670.2072	1987.5	7.4611	0.99594	0.66622	0.29738	0.10119	1.99496	
i1	29.37651	17.22048	1197.512	13039.52	18.74772	0.9339	0.2733	0.04258	0.03023	0.45816	
i1	29.38272	5.64981	1200.95	11968.69	17.95186	0.43486	0.86272	0.22574	0.03956	0.73584	
i1	29.44916	12.18025	1997.617	14970.9	9.89672	0.40462	0.79597	0.09738	0.31792	1.95136	
i1	29.45865	4.52946	1302.509	10970.28	16.92479	0.52219	0.53778	0.0307	0.25584	1.09377	
i1	29.48464	17.6368	1560.834	13977.44	4.58084	0.63948	0.18924	0.03593	0.41258	0.35655	
i1	29.52503	15.19539	1345.699	7979.304	6.07874	0.12884	0.76666	0.0406	0.06471	0.75316	
i1	29.52667	7.50431	1247.427	10037.31	15.8989	0.40279	0.11834	0.27057	0.18357	1.06411	
i1	29.60842	19.18059	658.6056	10000.62	7.72599	0.36478	0.21169	0.45315	0.16507	1.89853	
i1	29.67157	22.2856	1158.142	3993.553	3.58875	0.73546	0.30454	0.87698	0.37333	0.7134	
i1	29.69693	23.12527	1371.477	14017.46	6.97027	0.42862	0.17945	0.33461	0.31785	0.91083	
i1	29.7836	14.14174	623.495	18026.18	19.57899	0.4927	0.33994	0.10195	0.44474	1.19347	
i1	29.78873	16.10615	996.079	9027.549	14.60636	0.52027	0.27643	0.94339	0.17198	1.88539	
i1	29.81875	18.32795	1558.456	16979.08	7.6379	0.11788	0.32159	0.43764	0.17723	1.76385	
i1	29.90806	7.41271	1002.631	18032.29	4.67698	0.38164	0.47054	0.46012	0.20744	0.60239	
i1	29.91376	14.51643	1733.142	7967.857	19.16505	0.5844	0.86909	0.15209	0.24081	0.397	
i1	29.92325	23.66949	1694.023	15014.87	13.5929	0.23084	0.83826	0.909	0.29151	0.34951	
i1	30.00234	14.80616	1093.825	2975.816	9.57773	0.63047	0.49505	0.86317	0.02477	1.70763	
i1	30.01879	4.08534	979.8457	18984.86	10.3854	0.34836	0.57221	0.34852	0.21402	0.01259	
i1	30.0735	16.16208	1682	6981.24	7.14185	0.50571	0.53957	0.14354	0.17989	0.14286	
i1	30.10534	5.37052	1321.254	13980.74	6.25765	0.99907	0.37323	0.71566	0.43107	0.70624	
i1	30.16229	1.76856	1189.269	16999.75	1.2463	0.95813	0.24879	0.53764	0.151	1.18673	
i1	30.21669	25.62134	674.2909	6027.4	4.6488	0.4955	0.80445	0.68045	0.2915	0.28501	
i1	30.29188	27.13739	939.8185	5993.676	12.69393	0.61294	0.36851	0.91906	0.14279	0.32096	
i1	30.31911	25.79676	780.4716	14003.96	15.14416	0.27995	0.71666	0.90975	0.36879	1.97434	
i1	30.36943	9.16421	1754.276	11997.9	12.65576	0.1254	0.15288	0.39618	0.35434	1.2835	
i1	30.4233	14.35608	1314.558	16000.75	15.43877	0.24266	0.46165	0.05828	0.03878	1.37484	
i1	30.44518	11.14269	1313.719	7995.862	2.54739	0.35822	0.64511	0.76662	0.09833	0.68654	
i1	30.52056	21.29341	1437.193	11020.29	7.06254	0.31443	0.65638	0.37784	0.31722	0.65375	
i1	30.52253	6.02059	1681.143	10996.2	1.09543	0.59263	0.74902	0.40685	0.30282	1.5974	
i1	30.53197	24.9076	722.674	12015.34	5.37263	0.3069	0.93129	0.83582	0.49825	0.24064	
i1	30.54989	22.7586	1730.136	15978.72	7.46511	0.22525	0.13793	0.95847	0.2585	1.35316	
i1	30.57843	16.5613	1774.557	1980.828	2.88522	0.86925	0.65812	0.82036	0.13079	0.45155	
i1	30.64034	11.31964	575.2643	14994.39	19.8594	0.35228	0.99766	0.91626	0.05807	1.98781	
i1	30.64401	9.56162	1616.303	16982.07	2.8832	0.17602	0.99625	0.14126	0.02147	1.02569	
i1	30.7258	10.52013	574.1658	12999.15	8.61995	0.2338	0.57004	0.02118	0.48451	1.5677	
i1	30.7505	18.05432	709.5506	5994.802	7.75615	0.21907	0.61971	0.35298	0.02428	1.38717	
i1	30.7852	3.46891	1983.223	1996.376	18.89422	0.17914	0.25801	0.93764	0.1146	0.43701	
i1	30.83025	2.36387	1320.175	9991.933	14.57691	0.95305	0.68374	0.23685	0.48451	1.23524	
i1	30.83233	7.26334	808.548	3008.642	10.74915	0.60516	0.36343	0.09056	0.45714	0.68251	
i1	30.91075	8.57367	1139.585	15002.36	7.69282	0.43137	0.87481	0.52782	0.15292	0.18018	
i1	30.98538	22.9332	705.677	5993.755	5.8687	0.86652	0.31684	0.90484	0.04427	0.41991	
i1	31.03763	4.1678	1138.898	14007.38	6.12299	0.94514	0.3605	0.56233	0.0148	0.40743	
i1	31.12799	24.59906	1197.317	6987.155	12.14782	0.83542	0.72835	0.44763	0.17248	0.00799	
i1	31.18177	3.64687	1640.47	13006.49	8.30314	0.1149	0.57387	0.62531	0.4607	1.23012	
i1	31.2653	13.87216	1586.444	5004.498	4.26855	0.99453	0.28022	0.46148	0.27813	0.45971	
i1	31.33182	14.33532	565.4231	2992.287	16.00644	0.66731	0.95248	0.48798	0.03898	0.58431	
i1	31.38102	18.85477	1075.138	5000.493	6.51975	0.79102	0.34196	0.81704	0.19656	0.3805	
i1	31.42424	7.6231	1451.18	3002.584	10.30208	0.82553	0.23529	0.68983	0.13381	1.41315	
i1	31.51621	28.05172	749.6243	19000.53	2.1949	0.96061	0.63428	0.01009	0.2221	1.34322	
i1	31.54644	28.14923	930.9374	13993.99	4.58087	0.62002	0.50813	0.45731	0.19742	1.69317	
i1	31.6112	24.98129	612.455	5995.309	19.68339	0.6081	0.17905	0.13366	0.12719	0.71092	
i1	31.69523	6.04789	932.4162	1.61788	3.60992	0.41605	0.96659	0.73101	0.18063	0.81417	
i1	31.7355	20.2417	1014.901	13997.66	7.6344	0.57856	0.34094	0.80265	0.49452	1.32511	
i1	31.80043	19.46187	1234.243	14002.61	18.44775	0.52555	0.35989	0.00614	0.30325	1.08629	
i1	31.8366	13.95506	1575.814	12999.75	9.61419	0.86912	0.10094	0.41626	0.29279	0.7246	
i1	31.91894	28.08106	538.7129	3000.846	13.88393	0.43749	0.72851	0.94581	0.08882	1.3748	
i1	31.97978	24.97948	986.0213	1999.974	11.47066	0.31809	0.61363	0.83985	0.12423	0.35437	

